22 150
NAME STRING
FR1 FLOAT
FR2 FLOAT
FR3 FLOAT
FR4 FLOAT
FR5 FLOAT
FR6 FLOAT
FR7 FLOAT
FR8 FLOAT
FR9 FLOAT
FR10 FLOAT
FR11 FLOAT
FR12 FLOAT
FR13 FLOAT
FR14 FLOAT
FR15 FLOAT
FR16 FLOAT
FR17 FLOAT
FR18 FLOAT
FR19 FLOAT
FR20 FLOAT
FR21 FLOAT
"reo0" -89.27519 -46.970306 -24.305208 -12.806465 -7.243391 -4.5820155 -3.1953018 -2.2929866 -1.5344511 -0.788007 0.0 0.8628775 1.8346686 2.9712348 4.4079423 6.49056 10.015972 16.619307 29.344099 53.43207 97.369156 
"reo1" -29.281708 -15.223111 -7.9478273 -4.452967 -2.8897643 -2.1933515 -1.8024093 -1.4558469 -1.0536779 -0.56925136 0.0 0.6561343 1.4114358 2.2991507 3.397061 4.8767366 7.0913053 10.714575 16.944353 27.782799 46.40665 
"reo10" -81.21724 -39.688137 -18.039782 -7.5837936 -2.987108 -1.1844345 -0.5577002 -0.3443375 -0.23627515 -0.1314932 0.0 0.17390874 0.41125035 0.7579555 1.3426093 2.510474 5.071934 10.703506 22.539549 45.992825 89.84203 
"reo100" -20.39386 -12.43432 -7.897376 -5.3503547 -3.8919878 -2.9846988 -2.3272033 -1.761656 -1.2095883 -0.63087916 0.0 0.70622426 1.5150957 2.4645238 3.6152647 5.074676 7.0377455 9.851155 14.106132 20.765848 31.333138 
"reo101" -25.276917 -12.436034 -5.7035117 -2.413903 -0.93384475 -0.32738635 -0.10277427 -0.029049367 -0.010823669 -0.009600165 0.0 0.05073876 0.19162656 0.49678788 1.0859623 2.1682775 4.1209292 7.614405 13.795886 24.542463 42.79581 
"reo102" -28.461226 -17.388344 -10.711311 -6.732458 -4.354107 -2.8955224 -1.9529269 -1.2964214 -0.79766566 -0.38216302 0.0 0.39111096 0.83663785 1.3960352 2.1597013 3.278239 5.0101705 7.794257 12.352579 19.83052 31.979815 
"reo103" -42.370533 -22.57742 -12.0062 -6.6493726 -4.041191 -2.7577848 -2.0400488 -1.5217605 -1.0453829 -0.54802287 0.0 0.6215075 1.3412795 2.1948702 3.254963 4.692799 6.892224 10.633879 17.367086 29.586966 51.3343 
"reo104" -76.961235 -40.451374 -21.223366 -11.663079 -7.1106143 -4.901925 -3.6451814 -2.6983514 -1.8144655 -0.9210216 0.0 0.96504915 2.0083835 3.2014456 4.7057757 6.8929973 10.565411 17.31073 30.024504 53.633743 96.05531 
"reo105" -61.619358 -32.197777 -16.566147 -8.70807 -4.932655 -3.1207695 -2.1559052 -1.513291 -0.98087394 -0.4857973 0.0 0.5014357 1.0555626 1.7268472 2.6488216 4.1184845 6.7698226 11.85283 21.644398 40.01744 73.19465 
"reo106" -53.05362 -31.09445 -18.785158 -12.000086 -8.198086 -5.907375 -4.337129 -3.097705 -2.0113788 -0.9955077 0.0 1.0190028 2.1073415 3.3210537 4.7526927 6.5938563 9.2520275 13.539831 20.954817 34.067867 57.03833 
"reo107" -79.340836 -42.100918 -22.14225 -11.9371605 -6.8806653 -4.3368816 -2.9201376 -1.9772379 -1.2373676 -0.59610265 0.0 0.60175717 1.2721881 2.101343 3.2546575 5.088363 8.365476 14.605895 26.604134 49.14821 89.973236 
"reo108" -4.029939 -1.4616978 -0.21475016 0.2855215 0.400844 0.3452146 0.23522241 0.12765042 0.046477597 0.001401338 0.0 0.055655584 0.19335645 0.45550007 0.90981567 1.6615269 2.8718739 4.7851157 7.766133 12.350748 19.310886 
"reo109" -67.96081 -31.75217 -13.334912 -4.7879815 -1.2950037 -0.12729251 0.12249382 0.091858305 0.020936865 -0.018255781 0.0 0.10534172 0.34573117 0.8018608 1.6373668 3.2206547 6.3541465 12.64675 25.065369 48.70124 91.786934 
"reo11" -12.458531 -7.581477 -5.0808496 -3.8177805 -3.1224778 -2.6354058 -2.1876338 -1.7147523 -1.1987665 -0.6323694 0.0 0.7299081 1.6070834 2.7015727 4.111493 5.981973 8.54088 12.156927 17.425755 25.289585 37.19604 
"reo110" -30.204224 -16.834145 -9.379256 -5.371364 -3.263644 -2.1391156 -1.4889786 -1.050827 -0.6967639 -0.36143452 0.0 0.4339297 1.0003828 1.7851126 2.9216642 4.633402 7.3054743 11.596702 18.601358 30.070843 48.705196 
"reo111" -13.279141 -5.3717327 -1.6051238 -0.086114176 0.33243147 0.29625806 0.1341047 -0.009587678 -0.08503303 -0.08190826 0.0 0.16292304 0.4146247 0.77191615 1.2727835 2.005741 3.1650224 5.140226 8.64902 14.921529 25.945007 
"reo112" -76.55358 -40.76784 -21.614553 -11.856072 -7.048639 -4.6371546 -3.2716694 -2.3139503 -1.5024271 -0.74385387 0.0 0.76230365 1.5894407 2.5592854 3.8311565 5.759125 9.100356 15.350159 27.23542 49.398117 89.300545 
"reo113" -90.48535 -42.04211 -17.385384 -5.9763346 -1.3778608 0.0805804 0.30984524 0.1865905 0.04427166 -0.023450907 0.0 0.12303464 0.3679145 0.7927705 1.5605191 3.1015744 6.417254 13.570778 28.412754 57.58806 111.87099 
"reo114" -43.10884 -22.97256 -12.341493 -7.009655 -4.415625 -3.104493 -2.3218725 -1.7210933 -1.1647165 -0.6015071 0.0 0.68020624 1.4982903 2.54205 3.956607 6.0108433 9.220427 14.546294 23.687464 39.487022 66.47016 
"reo115" -28.92422 -14.667542 -7.4494953 -4.063542 -2.5771086 -1.9120303 -1.5280992 -1.1949853 -0.83780354 -0.44159582 0.0 0.50662315 1.1183342 1.902759 2.9769623 4.5587783 7.0623283 11.252455 18.472801 30.962257 52.27452 
"reo116" -89.09515 -43.59808 -20.197926 -9.05376 -4.188325 -2.2209349 -1.4133747 -0.98408365 -0.6459028 -0.32267734 0.0 0.33461884 0.7068672 1.1707481 1.868409 3.1793985 6.0040646 12.225805 25.396889 51.69255 101.1781 
"reo117" -35.61144 -19.283054 -10.551175 -6.121954 -3.9551919 -2.8640482 -2.2117083 -1.6911463 -1.1741415 -0.6156959 0.0 0.68589896 1.4645799 2.3807306 3.52748 5.1004305 7.4932437 11.448622 18.278543 30.167599 50.57328 
"reo118" -60.822647 -34.37364 -19.857153 -12.11741 -7.9885473 -5.6468444 -4.1224084 -2.947557 -1.9191074 -0.9517884 0.0 0.97486496 2.0143175 3.1726696 4.549712 6.368957 9.124222 13.817343 22.309793 37.810997 65.5261 
"reo119" -22.499212 -12.725398 -7.335282 -4.4593706 -2.939488 -2.0989082 -1.568807 -1.1629877 -0.79283875 -0.4144719 0.0 0.47509474 1.0365462 1.7158902 2.5630953 3.675286 5.249604 7.668252 11.623765 18.29256 29.564806 
"reo12" -40.227924 -21.822208 -12.222151 -7.4761257 -5.179142 -3.9699597 -3.1511126 -2.4142766 -1.6534221 -0.84820044 0.0 0.8968812 1.866506 2.9625678 4.297219 6.1050134 8.859522 13.460176 21.506908 35.680115 60.24356 
"reo120" -98.32702 -50.94518 -25.913887 -13.455036 -7.5749903 -4.8341813 -3.4195704 -2.476745 -1.658368 -0.84571093 0.0 0.89969707 1.8753122 2.9686189 4.3033447 6.233825 9.623471 16.29632 29.704937 55.857952 104.550476 
"reo121" -27.491903 -13.03067 -5.740265 -2.3970513 -1.0437165 -0.5756347 -0.4287446 -0.3544428 -0.26698986 -0.14892693 0.0 0.18491095 0.42336 0.75290334 1.2531701 2.0969381 3.6447175 6.597344 12.2210865 22.659767 41.348404 
"reo122" -30.760195 -13.950112 -5.560605 -1.8336619 -0.4664457 -0.14222321 -0.17534344 -0.25397432 -0.2643026 -0.17990547 0.0 0.27972144 0.67996305 1.2506977 2.1003313 3.4574533 5.7814655 9.938381 17.458092 30.88938 54.269 
"reo123" -24.211641 -15.249381 -9.98396 -6.923398 -5.1056643 -3.938158 -3.074796 -2.3253284 -1.5915132 -0.82477856 0.0 0.8999793 1.8944559 3.0149739 4.3208036 5.9251647 8.037566 11.027627 15.515765 22.496109 33.497013 
"reo124" -75.530914 -39.60848 -20.66487 -11.229797 -6.735486 -4.570476 -3.3667345 -2.4867396 -1.6772158 -0.8561833 0.0 0.90293986 1.8651768 2.9131575 4.1335344 5.786128 8.516871 13.704082 23.971367 43.900528 80.977745 
"reo125" -60.513958 -32.835094 -17.92635 -10.259336 -6.4201903 -4.4318185 -3.240881 -2.3459637 -1.5434152 -0.7673082 0.0 0.7702435 1.5680919 2.4499934 3.5465515 5.1519647 7.884064 12.9384775 22.460457 40.057896 71.47907 
"reo126" -71.195404 -35.032394 -16.486654 -7.687894 -3.8577485 -2.296272 -1.6183156 -1.2040887 -0.82820266 -0.4315046 0.0 0.48482928 1.0600107 1.7950661 2.841695 4.5548506 7.7209063 13.928613 26.118536 49.34668 91.79799 
"reo127" -15.753402 -6.956419 -2.5724847 -0.6372002 0.05328949 0.1879418 0.12659603 0.03443814 -0.026296226 -0.038828306 0.0 0.09445755 0.25610304 0.5099639 0.9092681 1.5672798 2.7147934 4.791836 8.582132 15.398885 27.33042 
"reo128" -114.09795 -58.493126 -29.131657 -14.565107 -7.760819 -4.6733036 -3.1656642 -2.2310684 -1.4642545 -0.7330646 0.0 0.756209 1.569027 2.5125368 3.7798703 5.8616524 9.874469 18.089357 34.710342 66.952995 126.47308 
"reo129" -81.79918 -40.986706 -19.931244 -9.875243 -5.4590034 -3.6202986 -2.7631748 -2.1574726 -1.5306147 -0.8132068 0.0 0.9122414 1.9484178 3.178773 4.781025 7.1794047 11.299056 18.974245 33.548843 60.707523 109.57613 
"reo13" -58.75398 -30.811296 -16.268995 -9.17982 -5.898546 -4.340228 -3.419004 -2.6416585 -1.8301537 -0.9473316 0.0 1.0063969 2.0873132 3.2986374 4.7820206 6.861791 10.219253 16.17015 27.071115 46.880848 81.901886 
"reo130" -68.76158 -33.840916 -15.7393465 -7.0391107 -3.2080796 -1.6598482 -1.0450423 -0.74080634 -0.50544345 -0.26517636 0.0 0.30440497 0.67172873 1.1500884 1.8601152 3.109101 5.6042385 10.797979 21.39855 42.07864 80.41531 
"reo131" -62.800762 -31.074581 -14.665453 -6.812194 -3.374294 -1.9832581 -1.4016482 -1.0601494 -0.7429926 -0.39205915 0.0 0.43730435 0.93861234 1.55519 2.4183505 3.8463361 6.540212 11.898445 22.479837 42.64448 79.40243 
"reo132" -62.02863 -30.058569 -13.640595 -5.850866 -2.4877508 -1.176676 -0.6958771 -0.49150187 -0.35050756 -0.19979192 0.0 0.29755193 0.7623939 1.4964195 2.6769626 4.6629896 8.195969 14.7269745 26.90158 49.23411 89.0028 
"reo133" -18.703526 -12.361034 -8.510005 -6.1331353 -4.5899405 -3.4982061 -2.6435637 -1.9131771 -1.2495203 -0.6202279 0.0 0.6394559 1.3354654 2.140427 3.1318717 4.430556 6.230612 8.845772 12.77568 18.796312 28.078535 
"reo134" -15.951404 -10.348786 -6.863168 -4.7117662 -3.367458 -2.4883993 -1.8621209 -1.3620214 -0.9141958 -0.47253045 0.0 0.54590297 1.2256709 2.1302845 3.3957827 5.2219663 7.8973017 11.832094 17.601994 26.003899 38.12634 
"reo135" -42.514366 -23.988195 -13.842622 -8.473444 -5.6512375 -4.0791535 -3.0588663 -2.2492037 -1.5020218 -0.7598696 0.0 0.79072386 1.6254737 2.5271013 3.553232 4.852254 6.765653 9.992139 15.829012 26.506224 45.628563 
"reo136" -104.4328 -52.353127 -24.733831 -10.996104 -4.632717 -1.889507 -0.77009076 -0.31764588 -0.12757307 -0.044864006 0.0 0.06279648 0.21113361 0.550022 1.2936231 2.9293509 6.5205035 14.193601 29.856606 60.194202 115.98632 
"reo137" -76.31733 -37.020515 -16.975569 -7.577193 -3.5969024 -2.0764823 -1.4945453 -1.1671935 -0.8437591 -0.4586095 0.0 0.5430402 1.1948068 2.0070188 3.1119332 4.8534913 8.035514 14.325962 26.856276 51.05481 95.75338 
"reo138" -18.616917 -11.7825985 -7.6632047 -5.197328 -3.694778 -2.7263377 -2.0381489 -1.4872004 -0.9944053 -0.5117509 0.0 0.58657074 1.3119159 2.269966 3.599889 5.50839 8.30256 12.436799 18.57733 27.687805 41.13957 
"reo139" -46.039234 -21.225208 -8.545626 -2.6640172 -0.3100789 0.39248863 0.43264434 0.27681643 0.115501784 0.015296522 0.0 0.084434375 0.28462198 0.62796277 1.1870538 2.1607933 4.026411 7.7860684 15.331667 29.951515 57.002483 
"reo14" -62.44927 -31.405102 -15.082676 -7.0475826 -3.3571107 -1.7517123 -1.0442127 -0.67852753 -0.4296323 -0.21653503 0.0 0.26322675 0.6379415 1.228007 2.2221267 3.9961216 7.299957 13.557774 25.30917 46.81999 84.89086 
"reo140" -41.029697 -22.597944 -12.321952 -6.7738595 -3.83135 -2.2549884 -1.3691026 -0.83140653 -0.47658437 -0.2190363 0.0 0.23574594 0.5483872 1.0115792 1.7357429 2.920945 4.9541492 8.565637 15.059377 26.632153 46.79622 
"reo141" -24.9653 -14.385186 -8.550433 -5.451402 -3.8225439 -2.910501 -2.297337 -1.771002 -1.2351731 -0.6505876 0.0 0.7311141 1.5659795 2.547943 3.7597704 5.3586884 7.635051 11.102501 16.627502 25.606113 40.195877 
"reo142" -88.46954 -46.786953 -24.752344 -13.693952 -8.327408 -5.647665 -4.094124 -2.9499576 -1.9365929 -0.96432084 0.0 0.9871737 2.0408673 3.23281 4.7170253 6.862125 10.500702 17.334845 30.536818 55.583927 101.366615 
"reo143" -106.00476 -54.13553 -26.677662 -13.013726 -6.6233106 -3.753344 -2.414934 -1.6600995 -1.0917516 -0.56026524 0.0 0.6408835 1.423957 2.444059 3.899477 6.255429 10.547487 18.871605 35.107372 65.921196 122.095955 
"reo144" -83.64795 -42.477818 -21.026062 -10.581028 -5.8207154 -3.7099643 -2.6683502 -1.970095 -1.3373297 -0.68803596 0.0 0.7478941 1.5957009 2.62245 4.0048532 6.153351 9.964169 17.226057 31.220377 57.55321 105.25817 
"reo145" -112.70651 -58.057667 -29.143612 -14.715327 -7.885555 -4.709445 -3.114196 -2.1278322 -1.3572594 -0.6657514 0.0 0.6831191 1.4399257 2.3633132 3.655985 5.803401 9.896296 18.152617 34.68875 66.58989 125.32937 
"reo146" -70.5801 -39.572556 -22.591911 -13.589615 -8.838312 -6.1840987 -4.4807234 -3.1797698 -2.0508144 -1.0055677 0.0 1.0115402 2.0962136 3.362576 5.0064626 7.408859 11.311762 18.098022 30.201159 51.671158 88.92223 
"reo147" -89.02472 -47.107006 -24.630047 -13.184297 -7.59266 -4.8632855 -3.3992584 -2.4284983 -1.6171663 -0.8298748 0.0 0.926603 2.0111837 3.34168 5.089003 7.6367245 11.820867 19.316496 33.207825 58.778515 104.5589 
"reo148" -53.725533 -29.229385 -16.078588 -9.339186 -5.974515 -4.2318053 -3.178711 -2.368353 -1.6114526 -0.83413696 0.0 0.9250002 1.9862256 3.2540429 4.858926 7.0693936 10.434208 16.010235 25.697407 42.70219 72.15098 
"reo149" -117.834435 -60.931873 -30.548082 -15.22944 -7.9201813 -4.5394306 -2.9073005 -1.9701766 -1.27533 -0.6449877 0.0 0.7167636 1.5671527 2.6444747 4.150098 6.5697856 10.999624 19.671413 36.727375 69.29407 128.90532 
"reo15" -93.00267 -46.39281 -21.927433 -9.977907 -4.611096 -2.39777 -1.5127295 -1.084932 -0.7559681 -0.40521586 0.0 0.47090852 1.0221245 1.6964805 2.6315277 4.2093754 7.3315377 13.860459 27.269382 53.542236 102.3652 
"reo16" -84.65526 -40.745934 -18.107597 -7.3430495 -2.718958 -0.9700555 -0.39805767 -0.22317676 -0.14614451 -0.07863664 0.0 0.10181844 0.24724194 0.4820342 0.93637055 1.9681106 4.4323735 10.119517 22.40362 47.143566 93.87885 
"reo17" -105.315994 -53.544872 -26.2547 -12.720837 -6.3933215 -3.5318265 -2.1777406 -1.415228 -0.87309575 -0.41931027 0.0 0.42521778 0.899748 1.4865292 2.3327062 3.830628 6.923331 13.602671 27.648266 55.65541 108.40012 
"reo18" -64.92359 -33.31165 -17.00316 -9.164184 -5.629342 -4.0332174 -3.1548698 -2.445049 -1.7056383 -0.8908893 0.0 0.96941257 2.0373926 3.2577255 4.7644653 6.8793573 10.310603 16.473413 27.962803 49.209064 87.34638 
"reo19" -106.21062 -52.6066 -24.538164 -10.863397 -4.7387066 -2.2272704 -1.2485716 -0.8203045 -0.5439061 -0.2849968 0.0 0.33978477 0.7753823 1.387342 2.371665 4.213184 8.005124 15.963567 32.185555 63.69954 121.85695 
"reo2" -75.556244 -37.195385 -17.58637 -8.33788 -4.3525696 -2.7484078 -2.0458386 -1.5827869 -1.1195393 -0.5955213 0.0 0.6812655 1.4813985 2.467779 3.795393 5.8361306 9.422008 16.240286 29.418467 54.33713 99.7086 
"reo20" -61.7763 -33.828297 -18.56142 -10.554622 -6.4523625 -4.3002005 -3.042436 -2.1586602 -1.4160593 -0.7143221 0.0 0.7728303 1.658754 2.737205 4.151804 6.195997 9.46815 15.119243 25.21632 43.244846 74.773125 
"reo21" -40.124092 -19.292973 -8.514217 -3.3634586 -1.1399466 -0.3028063 -0.046562366 0.003970385 -6.77066E-4 -0.008570691 0.0 0.039106086 0.12386873 0.27714866 0.55613035 1.1186954 2.3494797 5.06551 10.821311 22.333385 44.04395 
"reo22" -72.07038 -36.959965 -18.011158 -8.356588 -3.7336419 -1.6496311 -0.75034857 -0.3629516 -0.18412395 -0.08445753 0.0 0.11808748 0.32481718 0.7026618 1.4118966 2.799052 5.592531 11.21445 22.237751 43.017647 80.52646 
"reo23" -82.680504 -41.802734 -20.60592 -10.340846 -5.6877933 -3.632162 -2.6175375 -1.9365932 -1.32018 -0.6849676 0.0 0.76747286 1.6665266 2.7770922 4.2641263 6.511054 10.3721285 17.583342 31.37152 57.301258 104.39931 
"reo24" -42.638412 -21.976288 -11.194406 -5.923209 -3.494013 -2.384543 -1.8006449 -1.3746881 -0.96122473 -0.5104473 0.0 0.5943115 1.3083583 2.1995273 3.3760107 5.0649953 7.739204 12.3212385 20.485172 35.07485 60.658325 
"reo25" -61.706097 -33.421516 -18.172161 -10.302438 -6.3424616 -4.2949677 -3.0981266 -2.2391505 -1.4935447 -0.7648878 0.0 0.8456268 1.8172677 2.9704041 4.4052944 6.351802 9.329622 14.409021 23.59724 40.375668 70.41295 
"reo26" -55.679188 -27.718132 -13.080877 -5.9556723 -2.7637634 -1.4418507 -0.89908695 -0.62368745 -0.41421497 -0.21060565 0.0 0.22755587 0.49847388 0.8749877 1.4994514 2.6885085 5.1020665 10.012011 19.695597 37.978447 70.9521 
"reo27" -86.994865 -43.557335 -20.454418 -8.955995 -3.6638334 -1.4385711 -0.5892847 -0.28812775 -0.17252435 -0.09740892 0.0 0.16040306 0.425112 0.8587416 1.6094129 3.0439794 5.9957876 12.162482 24.69137 48.989853 93.79843 
"reo28" -87.89834 -44.174213 -21.636019 -10.8033495 -5.93088 -3.7815092 -2.702442 -1.9609625 -1.296594 -0.6463798 0.0 0.6585522 1.3660158 2.1949067 3.3118415 5.1224213 8.545951 15.463276 29.381016 56.355476 106.219505 
"reo29" -88.82422 -42.813988 -19.35007 -8.385326 -3.7953422 -2.1007936 -1.5037311 -1.1929514 -0.87360066 -0.4761646 0.0 0.5534415 1.2025422 2.0074468 3.136839 5.0244093 8.659865 16.05933 30.959967 59.783695 112.91483 
"reo3" -106.89095 -55.189182 -27.960104 -14.452455 -8.091105 -5.118422 -3.5695314 -2.5337913 -1.6547693 -0.8210259 0.0 0.832702 1.7163166 2.7279336 4.0532074 6.152471 10.069953 17.9338 33.694603 64.15013 120.30399 
"reo30" -28.398947 -16.365925 -9.909843 -6.5784287 -4.8552957 -3.861612 -3.1297622 -2.4387264 -1.7008922 -0.8900087 0.0 0.97565 2.0542264 3.2741115 4.715401 6.54109 9.069118 12.885558 19.00924 29.11808 45.847424 
"reo31" -5.2205844 -4.009997 -3.1809323 -2.60383 -2.1802595 -1.8373698 -1.5229907 -1.201289 -0.84888864 -0.4513622 0.0 0.51123476 1.0886587 1.7418205 2.486546 3.3481696 4.3650413 5.5924087 7.1067586 9.010717 11.438601 
"reo32" -70.32219 -33.553177 -14.603848 -5.6130843 -1.7849709 -0.3869269 0.005375143 0.05156 0.013824399 -0.016808512 0.0 0.10388321 0.34849277 0.81622267 1.6681881 3.2647145 6.3915925 12.627352 24.886814 48.176167 90.59484 
"reo33" -62.97504 -30.207226 -13.48768 -5.647369 -2.3345382 -1.0915768 -0.6590732 -0.47462246 -0.33392194 -0.1816969 0.0 0.2385738 0.5852147 1.1292253 2.0448058 3.7027547 6.8795433 13.096218 25.119598 47.658215 88.285446 
"reo34" -86.23795 -42.136497 -19.652983 -9.084564 -4.5503025 -2.7371168 -1.955452 -1.4604112 -0.99411136 -0.50501597 0.0 0.5150952 1.050663 1.6485333 2.4414172 3.8008423 6.6178193 12.760488 25.752981 51.719765 100.63967 
"reo35" -107.408936 -55.912315 -28.57054 -14.83887 -8.256379 -5.1185513 -3.4758332 -2.4115746 -1.5527974 -0.7672241 0.0 0.7964516 1.6860113 2.7724442 4.269547 6.664423 11.020455 19.466537 35.919136 67.083725 123.78221 
"reo36" -87.28545 -42.62496 -19.34232 -8.10582 -3.1798863 -1.2621521 -0.6056709 -0.38552764 -0.26911262 -0.1493292 0.0 0.18726046 0.4254402 0.7545241 1.3046215 2.4405594 5.028676 10.866545 23.316366 48.182755 94.875656 
"reo37" -85.88952 -44.079285 -22.184526 -11.399031 -6.3614745 -4.0267925 -2.8162503 -2.0064073 -1.3171607 -0.65904856 0.0 0.6882837 1.4441324 2.3297105 3.484636 5.25923 8.467214 14.797664 27.42605 51.864166 97.08875 
"reo38" -61.06388 -31.504633 -15.817981 -7.972614 -4.258603 -2.5386562 -1.6819538 -1.1544917 -0.7398433 -0.36425593 0.0 0.37911454 0.8161377 1.3893789 2.2568908 3.75312 6.56381 12.00524 22.433884 41.81257 76.45922 
"reo39" -65.095566 -33.249485 -16.476599 -8.1878605 -4.343615 -2.624355 -1.8055493 -1.307353 -0.8900704 -0.46621183 0.0 0.5348265 1.1680597 1.946069 2.9739969 4.516254 7.1844597 12.241984 22.05423 40.713818 74.869804 
"reo4" -63.311817 -34.143368 -18.442802 -10.358801 -6.3037076 -4.215957 -3.0038521 -2.1447902 -1.4140362 -0.71712697 0.0 0.7890593 1.7115629 2.850965 4.350716 6.504132 9.921989 15.803759 26.33837 45.260433 78.58784 
"reo40" -73.272995 -36.597153 -17.367977 -7.9674644 -3.718263 -1.9309424 -1.1850977 -0.8108876 -0.53760344 -0.2758594 0.0 0.3026806 0.64931417 1.0788333 1.7027528 2.8227618 5.148533 10.149155 20.571594 41.159584 79.60638 
"reo41" -87.03299 -45.062782 -23.239626 -12.569742 -7.5932918 -5.2259755 -3.8863199 -2.8678083 -1.9150639 -0.96326643 0.0 0.9912831 2.0469878 3.2391016 4.731731 6.919253 10.686898 17.834572 31.704712 58.055023 106.21684 
"reo42" -48.103783 -24.560272 -12.397765 -6.533886 -3.876811 -2.6754858 -2.0295448 -1.536131 -1.0507938 -0.53965133 0.0 0.57344437 1.1994888 1.921406 2.840693 4.196461 6.5132747 10.840252 19.104248 34.59993 62.639565 
"reo43" -28.800484 -14.463606 -6.8181825 -3.01611 -1.2834247 -0.57739156 -0.3269168 -0.24437977 -0.19698179 -0.1257081 0.0 0.20376655 0.5118988 0.9630053 1.6295171 2.6630154 4.3752704 7.366892 12.715496 22.235296 38.820015 
"reo44" -77.37905 -35.670124 -14.57829 -4.917259 -1.092172 0.07366657 0.22293738 0.10063794 -0.016101258 -0.053413235 0.0 0.15095574 0.41857582 0.85107183 1.5838337 2.9801235 5.89568 12.108534 24.95534 50.215523 97.28455 
"reo45" -26.10515 -17.122482 -11.798353 -8.576193 -6.501085 -5.0218434 -3.8418596 -2.8117425 -1.8567934 -0.9323453 0.0 0.9822006 2.062638 3.2989805 4.7680116 6.5893936 8.970327 12.278078 17.147335 24.629366 36.389935 
"reo46" -88.444084 -43.66706 -20.359463 -9.069477 -4.0288153 -1.9489518 -1.1141031 -0.7285395 -0.47584358 -0.24772413 0.0 0.30663875 0.72348 1.3306385 2.2962952 4.020713 7.407422 14.303964 28.154575 54.907215 104.21732 
"reo47" -100.5281 -52.058617 -26.35385 -13.489702 -7.381381 -4.533767 -3.0992732 -2.1992314 -1.4649013 -0.75416607 0.0 0.853218 1.8694685 3.1408544 4.851289 7.4280267 11.824967 19.981651 35.501865 64.595795 117.32963 
"reo48" -50.80724 -25.97595 -12.675642 -5.97865 -2.8263202 -1.4312626 -0.8251633 -0.5313486 -0.34131444 -0.1744267 0.0 0.19903833 0.44169122 0.76443493 1.257555 2.1430676 3.9150188 7.562956 14.899363 29.011847 54.860886 
"reo49" -75.54009 -39.274265 -20.173246 -10.685157 -6.192304 -4.057173 -2.902567 -2.092465 -1.3801265 -0.69000286 0.0 0.7093565 1.4723058 2.355236 3.5075197 5.27925 8.439332 14.527373 26.372831 48.81487 89.656364 
"reo5" -77.428734 -39.52464 -19.536674 -9.615526 -4.9663205 -2.850144 -1.8317957 -1.2386079 -0.79515433 -0.3986697 0.0 0.4450908 0.98943704 1.7079874 2.746499 4.440586 7.5403004 13.575424 25.39665 47.927822 89.16443 
"reo50" -21.530586 -11.58616 -6.2274365 -3.4785073 -2.1197002 -1.4431146 -1.0675856 -0.80459046 -0.5666084 -0.30944043 0.0 0.39891487 0.93535984 1.6749821 2.7162485 4.2226553 6.4804068 9.990058 15.600605 24.694525 39.432236 
"reo51" -76.267166 -38.831738 -19.017633 -9.177875 -4.606372 -2.58621 -1.6713158 -1.168181 -0.7842935 -0.4099343 0.0 0.47749153 1.0595534 1.8063825 2.8528533 4.5266957 7.566697 13.474274 25.031746 47.020668 87.173546 
"reo52" -69.37054 -34.446587 -16.359661 -7.678045 -3.8558087 -2.294195 -1.6338772 -1.2450948 -0.8826862 -0.47304243 0.0 0.5433064 1.1696115 1.9126868 2.8754883 4.344263 7.001596 12.271378 22.828665 43.307434 81.239174 
"reo53" -28.006266 -14.1225 -6.700322 -2.988246 -1.2733145 -0.5504237 -0.27189937 -0.16586529 -0.11193513 -0.0627649 0.0 0.08684772 0.210058 0.39336017 0.693056 1.2420728 2.328411 4.519452 8.843591 17.040657 31.892593 
"reo54" -87.668465 -45.64128 -23.330656 -12.144235 -6.808224 -4.290375 -2.9871502 -2.1373546 -1.4244792 -0.73001564 0.0 0.8129578 1.769902 2.965758 4.587304 7.0466275 11.227807 18.884575 33.22668 59.732727 107.22719 
"reo55" -53.490845 -27.512999 -13.9664135 -7.35463 -4.3190794 -2.9421935 -2.2222223 -1.695233 -1.1797578 -0.6195619 0.0 0.6865667 1.4508237 2.316556 3.3552318 4.769645 7.051149 11.235005 19.27839 34.58557 62.7048 
"reo56" -50.99132 -29.491707 -17.489773 -10.953726 -7.377814 -5.2947474 -3.9064817 -2.8164334 -1.8462349 -0.92011476 0.0 0.9455684 1.9556127 3.0908954 4.4650044 6.30925 9.088284 13.683347 21.66005 35.637592 59.77635 
"reo57" -8.906508 -3.442357 -0.9742754 -0.092589505 0.0538038 -0.06136464 -0.20427436 -0.28104168 -0.2689863 -0.17289011 0.0 0.25247312 0.6036073 1.0950226 1.803382 2.8653886 4.5215273 7.184797 11.540685 18.68463 30.303217 
"reo58" -25.522272 -13.549474 -7.1575656 -3.88235 -2.2338612 -1.3745981 -0.8769141 -0.5482554 -0.31294158 -0.13917935 0.0 0.14318572 0.34572497 0.68486005 1.2761738 2.3126519 4.1376686 7.3632083 13.044623 22.923248 39.748165 
"reo59" -53.656643 -27.269981 -12.992384 -5.708685 -2.2398217 -0.72081256 -0.13061015 0.047871888 0.05925117 0.020386495 0.0 0.054907646 0.24455385 0.64554614 1.3878856 2.734589 5.226399 9.913276 18.694372 34.788174 63.354534 
"reo6" -53.65671 -31.725569 -19.256348 -12.275513 -8.311971 -5.9152923 -4.2910547 -3.036577 -1.960311 -0.96816134 0.0 1.0003551 2.0984306 3.3823872 4.993042 7.187353 10.452101 15.684496 24.456442 39.3792 64.58516 
"reo60" -43.20132 -24.297947 -13.917842 -8.388237 -5.4543076 -3.8155653 -2.7767346 -1.9967474 -1.3195137 -0.67010474 0.0 0.73495823 1.5802559 2.5883982 3.840955 5.503315 7.9284987 11.826394 18.514755 30.268332 50.78247 
"reo61" -58.878025 -27.466368 -11.4414425 -3.9878447 -0.94522446 0.055801924 0.24581058 0.18706371 0.092617944 0.02432485 0.0 0.040038086 0.18375093 0.5057055 1.1623389 2.4991279 5.2485886 10.849385 21.916824 42.89501 80.920944 
"reo62" 0.38406968 1.3298485 1.2851874 0.85591614 0.37503982 -0.00298921 -0.23099504 -0.31751394 -0.29165643 -0.18111037 0.0 0.25668454 0.6153724 1.1261975 1.8685683 2.96331 4.59466 7.045407 10.748454 16.358097 24.844294 
"reo63" -39.70646 -22.82522 -13.418422 -8.286832 -5.463431 -3.812158 -2.725257 -1.9051288 -1.216616 -0.595624 0.0 0.6114175 1.285664 2.0825148 3.0954359 4.500705 6.648787 10.212057 16.402939 27.276566 46.13203 
"reo64" -25.641651 -17.481262 -12.2158575 -8.789128 -6.498296 -4.8891954 -3.675433 -2.6781747 -1.783131 -0.9112953 0.0 1.0091504 2.1789072 3.5850055 5.3282313 7.5533648 10.478442 14.437772 19.942144 27.759678 39.02073 
"reo65" -46.292397 -24.611618 -12.98764 -7.0926332 -4.2403893 -2.863185 -2.115102 -1.5837502 -1.0923195 -0.5738997 0.0 0.6547998 1.4301312 2.3971188 3.693728 5.596247 8.644968 13.84213 22.940203 38.838562 66.10663 
"reo66" -17.832743 -11.365132 -7.443083 -5.059389 -3.5686653 -2.5779684 -1.8619905 -1.2993141 -0.8262195 -0.40453172 0.0 0.4323033 0.95907295 1.6798613 2.741679 4.360616 6.853995 10.686562 16.534233 25.368902 38.567818 
"reo67" -13.566563 -9.793385 -7.211044 -5.406707 -4.101335 -3.1116922 -2.3206198 -1.6544036 -1.0660441 -0.52325404 0.0 0.5295936 1.0961589 1.7399989 2.517184 3.5080094 4.8289995 6.649634 9.214985 12.87544 18.124695 
"reo68" -7.562802 -3.4609857 -1.5959239 -0.8930786 -0.7066198 -0.68246174 -0.65361464 -0.5632338 -0.41075 -0.21646579 0.0 0.23203462 0.4937378 0.82762784 1.3169644 2.1073034 3.4419012 5.7155843 9.5517 15.906763 26.207424 
"reo69" -19.75558 -14.432721 -10.924085 -8.509697 -6.730356 -5.3082695 -4.08567 -2.9788384 -1.9449705 -0.95931125 0.0 0.9619522 1.9701155 3.0900948 4.4195504 6.1033564 8.356463 11.497031 15.99241 22.52052 32.049217 
"reo7" -35.464424 -18.209435 -8.848059 -4.062556 -1.777205 -0.7654191 -0.35114697 -0.1911039 -0.12435676 -0.075792536 0.0 0.14790678 0.427994 0.9312137 1.8085802 3.3272884 5.967245 10.571485 18.563938 32.248028 55.199562 
"reo70" -93.91538 -46.26992 -21.399502 -9.3446665 -3.992515 -1.8315455 -1.0113778 -0.66382736 -0.44176152 -0.23218568 0.0 0.28112897 0.6543401 1.205149 2.1305773 3.8953943 7.5190334 15.036732 30.178463 59.309204 112.67411 
"reo71" -43.6476 -23.437683 -12.579765 -6.9991508 -4.200437 -2.754623 -1.9115566 -1.3198127 -0.83609235 -0.40624443 0.0 0.4184826 0.9021682 1.5326953 2.449831 3.9167366 6.438946 10.954967 19.1164 33.6755 58.998047 
"reo72" -70.32464 -39.26355 -22.132988 -13.009505 -8.216916 -5.605841 -4.008797 -2.845768 -1.855169 -0.9251275 0.0 0.96295136 2.0118036 3.2182183 4.7207656 6.818405 10.139207 15.909389 26.34774 45.210537 78.51199 
"reo73" -90.60791 -45.67593 -21.862913 -10.036702 -4.569025 -2.2044547 -1.20639 -0.7404551 -0.45576215 -0.22446044 0.0 0.24546084 0.54407626 0.955334 1.6286474 2.9450924 5.7778573 11.910982 24.655956 49.70574 96.26581 
"reo74" -54.965908 -30.826443 -17.678118 -10.760711 -7.1402836 -5.1221952 -3.8064747 -2.7652178 -1.8216684 -0.9106487 0.0 0.94730157 1.9906925 3.2295697 4.841174 7.159151 10.813119 16.949587 27.554564 45.898174 77.12166 
"reo75" -32.344585 -19.166288 -11.673102 -7.535588 -5.262314 -3.9440293 -3.0581248 -2.3247824 -1.6061954 -0.8402417 0.0 0.9295054 1.965947 3.1443362 4.5402784 6.3104577 8.758963 12.438066 18.292076 27.852875 43.495747 
"reo76" -49.89639 -26.054188 -13.792676 -7.892494 -5.1871367 -3.8915877 -3.0958576 -2.3998606 -1.6660813 -0.8664685 0.0 0.9426364 1.990806 3.2056901 4.7156057 6.7984405 10.034758 15.555131 25.405268 43.052467 74.057 
"reo77" -65.424095 -33.19477 -16.43846 -8.264884 -4.494971 -2.7711775 -1.8869604 -1.3040576 -0.82629657 -0.39861584 0.0 0.40097806 0.85931075 1.466709 2.3960605 4.008494 7.0543585 12.999415 24.507553 46.11133 85.101616 
"reo78" -58.945736 -31.70628 -17.092775 -9.623755 -5.92382 -4.044232 -2.9493983 -2.145547 -1.4279008 -0.7226465 0.0 0.7653289 1.6099738 2.597748 3.859181 5.678452 8.651422 13.938457 23.635757 41.28887 72.5721 
"reo79" -3.5369198 -1.1025974 -0.1260925 0.12692133 0.08462124 -0.02898721 -0.116621725 -0.15130083 -0.13744295 -0.085982695 0.0 0.13264205 0.34315518 0.68568385 1.2446674 2.149211 3.5979693 5.8980474 9.521423 15.182396 23.939564 
"reo8" -34.556316 -15.765892 -6.5948944 -2.6053095 -1.1355342 -0.71316653 -0.6128033 -0.538133 -0.40760875 -0.22298461 0.0 0.25950447 0.574755 0.99321276 1.6184578 2.6795049 4.662267 8.523884 16.010624 30.100096 55.588448 
"reo80" -89.35668 -46.097614 -23.234495 -11.892729 -6.6027474 -4.203108 -3.011834 -2.2276607 -1.5228753 -0.7894283 0.0 0.8542959 1.7878908 2.8447394 4.160617 6.1020517 9.520213 16.158073 29.249163 54.346226 100.41812 
"reo81" -18.513208 -12.041686 -8.173821 -5.8549633 -4.406324 -3.412933 -2.6369984 -1.953043 -1.3011907 -0.6549689 0.0 0.6800479 1.4138812 2.2530005 3.2857506 4.6586285 6.60848 9.509216 13.936674 20.755259 31.229982 
"reo82" -17.17567 -9.77563 -6.1086407 -4.371025 -3.5040076 -2.9434357 -2.4313066 -1.8802694 -1.2822745 -0.6525389 0.0 0.6845719 1.4316324 2.2959208 3.368349 4.8055463 6.8858943 10.100879 15.2905855 23.832176 37.890163 
"reo83" -90.08837 -43.86105 -19.87821 -8.374227 -3.366239 -1.4264426 -0.75542504 -0.5135621 -0.3674593 -0.20842981 0.0 0.2885668 0.7057374 1.3411757 2.392219 4.316373 8.112832 15.77604 30.964294 59.926403 112.72941 
"reo84" -26.393492 -15.117856 -9.163509 -6.1287317 -4.5549693 -3.6193354 -2.9024835 -2.2210867 -1.5141541 -0.7724134 0.0 0.80232173 1.6431692 2.546552 3.5686498 4.836126 6.6167407 9.433039 14.229868 22.606506 37.124165 
"reo85" -59.418716 -27.858257 -11.7515745 -4.2502484 -1.1737295 -0.14115015 0.08371861 0.06480832 0.013843371 -0.01136913 0.0 0.057841185 0.1866951 0.44134164 0.95283914 2.0354638 4.384999 9.398827 19.648268 39.533623 76.152374 
"reo86" -46.835888 -24.471773 -13.0572405 -7.5967255 -5.082286 -3.8389254 -3.0312767 -2.3085973 -1.5650203 -0.79201514 0.0 0.8139395 1.6752821 2.6413016 3.8333495 5.5152416 8.240798 13.09359 22.041948 38.432278 67.64373 
"reo87" -21.347078 -15.115056 -10.9762535 -8.210722 -6.3083377 -4.918088 -3.807152 -2.828372 -1.894724 -0.9593859 0.0 0.9942632 2.0342436 3.1423295 4.3653946 5.790535 7.565001 9.921727 13.211859 17.945675 24.843298 
"reo88" -45.80419 -27.585905 -16.951786 -10.820453 -7.2450995 -5.0566063 -3.5923636 -2.498593 -1.5938959 -0.7817918 0.0 0.8057861 1.6958773 2.750567 4.096356 5.956672 8.739333 13.172992 20.504824 32.771698 53.157066 
"reo89" -25.418444 -15.774841 -10.241937 -7.0789547 -5.199228 -3.964816 -3.029467 -2.2230034 -1.4702413 -0.737529 0.0 0.7773603 1.6517447 2.714553 4.1103272 6.0694966 8.961839 13.377565 20.242928 30.97726 47.698368 
"reo9" -99.644585 -52.14353 -26.959965 -14.344373 -8.312896 -5.42752 -3.8750548 -2.8022432 -1.8642989 -0.94419277 0.0 1.00238 2.113817 3.426543 5.141432 7.7206535 12.168386 20.48228 36.318348 65.91198 119.29777 
"reo90" -73.46594 -40.228497 -22.211342 -12.812084 -7.9852886 -5.4075346 -3.8484662 -2.7184052 -1.7631041 -0.8762084 0.0 0.9150034 1.9210213 3.0839841 4.523934 6.5142794 9.669335 15.249569 25.613989 44.84909 79.6038 
"reo91" -30.645567 -14.30683 -5.902658 -1.9588468 -0.34131187 0.1777626 0.24749939 0.17480752 0.08494824 0.021370785 0.0 0.0331589 0.1383085 0.3467877 0.72773576 1.44238 2.8438716 5.637851 11.11893 21.49826 40.337395 
"reo92" -31.995514 -14.680168 -5.988152 -2.067981 -0.5705895 -0.15928358 -0.14035197 -0.19710393 -0.21009426 -0.14629842 0.0 0.2318466 0.5570162 0.9954126 1.6037061 2.534446 4.146886 7.186757 13.052233 24.163317 44.451885 
"reo93" -69.024605 -37.739902 -20.785963 -11.953876 -7.433054 -5.031102 -3.5852926 -2.5382712 -1.6506269 -0.8229489 0.0 0.8703646 1.8509074 3.0287185 4.5562963 6.7473755 10.254868 16.358295 27.388083 47.31408 82.525696 
"reo94" -73.46475 -37.88597 -19.21855 -10.034877 -5.7808447 -3.8431883 -2.8461127 -2.1444554 -1.4806266 -0.7725715 0.0 0.84387344 1.7678338 2.7981699 4.026933 5.7257094 8.557656 13.920562 24.453686 44.741127 82.244484 
"reo95" -22.800732 -15.002263 -10.096459 -6.97774 -4.937875 -3.5407 -2.526968 -1.7450272 -1.103032 -0.5383686 0.0 0.5605809 1.194092 1.9582036 2.9265833 4.206554 5.9696646 8.499483 12.260917 17.995358 26.845972 
"reo96" -66.483574 -33.53364 -16.097393 -7.448973 -3.452245 -1.7216334 -0.98844606 -0.6433384 -0.4255573 -0.2296098 0.0 0.31532148 0.78215194 1.4972311 2.634792 4.551823 7.981401 14.343445 26.202255 47.900185 86.396805 
"reo97" -15.483776 -8.820781 -5.4755487 -3.867009 -3.0592377 -2.5472379 -2.094976 -1.6182078 -1.1046304 -0.5638921 0.0 0.6013448 1.2779456 2.0963087 3.1643076 4.6587763 6.875499 10.309056 15.770004 24.546833 38.620186 
"reo98" -16.59062 -9.908471 -5.884031 -3.489032 -2.0669374 -1.2162746 -0.7017738 -0.38934338 -0.2009035 -0.085111015 0.0 0.096432395 0.25166818 0.52411056 0.9924984 1.7732651 3.0498147 5.1176867 8.449583 13.784226 22.24303 
"reo99" -111.61384 -57.780964 -29.402895 -15.277172 -8.569413 -5.386907 -3.7032516 -2.5838962 -1.6624291 -0.8174682 0.0 0.8389803 1.7706791 2.910715 4.4914784 7.034793 11.675025 20.682795 38.239433 71.512344 132.08144 
